2.635863835884391104e+00
-6.024768106957566483e-01
-2.102517626439674547e+00
9.050897915273492522e-02
-2.595877029259197943e+00
1.181295316049575106e-01
5.716523622315402564e-01
8.260283678275988084e-01
1.559190468240002903e-01
8.301141666301874444e-01
-1.608556741235918075e+00
-1.373844036012691117e+00
5.007910598910354505e-01
-5.117466125035788904e-01
-1.599515915625040474e+00
1.243169601471219576e-01
-1.439781788156860587e-01
5.811218382893738044e-01
-3.202657634799433439e-01
-1.464660730739818506e-01
4.353301667194273694e-01
-1.144579288272006001e-01
6.892221056139614666e-01
-7.836620632777688833e-01
-7.056457014790004090e-01
-1.220214781054354880e+00
-3.333416441113151718e-02
7.324099880908281346e-01
1.133876255451806481e+00
3.692209649370875590e-01
-1.512552520730136019e+00
-3.086096140087862150e+00
-2.135534628535397772e+00
1.534792466281416523e+00
-4.466515705736567865e-02
-1.187703410369410184e+00
4.645680066477428372e-01
-1.377164108541725218e+00
-2.396576907898366304e+00
-1.725147319154573866e+00
-2.940176010434312648e+00
-1.106563563118160953e+00
2.890220673875583679e-01
1.389888574539712485e+00
1.283449451039892386e+00
-1.647955517148947724e+00
1.399590732357556822e-01
-7.386007530867819693e-01
1.479454876787936080e+00
-1.503505913651446368e+00
-2.774359424825123099e+00
1.356046434527967026e+00
-4.253923787757455388e-01
1.650949157297427305e+00
-2.675972207005946402e+00
-2.616069652927363709e+00
-1.151424077643814048e+00
1.323962485363516572e+00
1.512541753276000156e+00
-9.337224562836214936e-01
1.079105384406377599e+00
1.402193784820656042e+00
3.307751945275824390e+00
-8.344467866992238969e-02
5.106441475597338631e-01
4.819487431345033102e-01
-4.558659546949868080e-01
9.716400574735450935e-01
-5.643148372026474124e-01
-3.954295739629256623e-01
7.439909928857291188e-01
-4.781556797119305147e-01
-4.992853819362684797e-01
1.125325341906135090e+00
-4.890652725476523077e-01
-3.406673755637485979e-01
-3.421767594322971284e+00
-1.112163486318183070e+00
4.118814848686072616e-01
3.627868446343121556e-01
-7.856903681274944873e-01
-1.047569430661141193e-01
1.616676214457890004e-01
8.093430886528066859e-01
-1.065335612600275095e+00
7.735230680481867960e-02
2.642984979486939223e-01
-1.905378262080090201e-01
2.273072109394265183e+00
-1.022658471905479205e+00
6.122484674372721813e-02
-1.384501173112198780e+00
-1.851148163601951779e+00
1.497131538070400225e+00
-8.604738660274305895e-01
-4.962454043577042562e-01
-4.719188716010967788e+00
4.266534928592735643e-02
-2.966742466002984524e-01
-9.917545510568733791e-01
-1.540317568977314755e+00
2.712994410449329208e-01
-9.918951526869806967e-01
5.026639545946616217e-01
3.021611862123887438e+00
1.242700154241225707e+00
-4.649597325969426764e-01
7.101301993842850102e-01
-1.058567503372181973e-01
-1.841867773365537087e+00
-1.131890749015516562e+00
-1.936307635703816921e+00
-1.928681035813318623e+00
-1.116813550446542180e+00
-1.004258297131678468e+00
-6.087698275696202810e-01
-5.082796700937144418e-01
-1.841343290299186863e+00
-1.162964466957882914e+00
-1.255112681551639797e+00
-1.708512008803914517e+00
-1.675692472534048516e+00
2.285369291568167593e+00
-2.008020752916400031e+00
-5.479117759143570243e-01
-1.642619732345818484e+00
-1.579414422569510146e+00
-4.656472821057919265e-01
-1.013560771688416295e+00
-9.007517102944555543e-01
-2.903872141485063896e+00
1.436042659558129375e-01
-1.098169909914713305e+00
-1.999549276919047269e+00
-6.290528789871626669e-01
-1.614812445735778645e+00
-1.702712416887868452e+00
7.352384436112423538e-01
-1.232060126732686500e+00
-1.401629500104483839e+00
-1.076966927496665061e-01
-2.549291484796333940e+00
-8.447169651672477020e-01
-7.481833517853291315e-01
-4.506167214546334954e-01
-1.359545473218463973e+00
-7.753984750428257744e-01
-1.245403949428470103e+00
-1.605266236890579901e+00
-2.709986429225803128e+00
2.553652144408311564e-01
-2.890743203739250422e+00
-1.738873037579827807e+00
-1.961627859976954547e+00
-8.002569224454904040e-01
-1.729218794292407990e+00
-1.171226113707090066e+00
-2.723488289568422593e-01
-7.438364644363577582e-01
2.654070550307134901e-01
-1.355942151324658340e+00
5.786728331422935634e-01
-1.652652102191265238e+00
6.499497360465597007e-01
-1.292982686028487871e+00
-7.061058215107214320e-01
-7.715474377072888412e-01
-4.859048441306054733e-01
4.299356479325470159e-01
8.517286981748204422e-01
2.269117362527585391e-01
-2.011695819877506453e-01
-2.006296515405228575e+00
-6.014644628621081957e-01
-3.484165872991315638e+00
-2.086729599717462302e-01
-1.573971057438118271e+00
-1.034618043360965300e-01
-6.171538777078033888e-01
6.278705030282888400e-02
-1.427961845796410500e+00
-2.952404766637481082e+00
3.131229596594784503e-01
-1.134820006704870377e+00
7.772282772676930573e-01
-1.281430733973868141e-01
-1.039608431986040804e+00
-5.876953339595982762e-01
-4.910608193782355357e-01
-7.435296951910099761e-01
-2.027116265257213612e-01
-6.953448919803848494e-01
-6.611511502033493581e-01
-4.391824252317011457e-02
1.043718131288067896e+00
-1.150992077404270120e+00
7.730383029003263795e-01
-3.718532134487403940e-01
-7.555512243709077147e-01
-9.687685606532466798e-01
-8.158930593638633599e-01
-1.052399052260656998e+00
-8.498048470115375785e-01
-1.020114976000478513e-01
-5.372289019330115378e-01
-8.893922658610399212e-01
-6.077572956636179136e-01
-7.740898090435590628e-01
-1.448670862889225086e+00
-1.082136080379859644e+00
-2.091533739692484684e+00
-1.325849458078729004e+00
-7.963515085035843821e-03
-2.052362693382826286e+00
-7.930750381020039708e-01
-6.106760396674592029e-01
-1.487339598593600432e+00
-1.371836643502164499e+00
-1.138368990309508222e+00
-1.467882242673504090e+00
5.350032319485571453e-01
4.995808941285064808e-01
2.497509508892703511e-01
-1.048367182835894473e+00
-2.110979577914378624e-01
-1.249846190731461082e+00
-1.915727710424582231e+00
-6.990835511282353920e-01
-1.605835500189682241e+00
-8.785932417552935747e-02
-1.229893900965518316e+00
-7.608688864201652580e-01
5.688338242209457774e-02
-4.522155339910554073e-01
-5.929200081149761381e-01
-3.886023741358693995e-01
-1.104113356377325994e+00
-8.299806834430869529e-01
-4.489627372823620233e-01
1.417775383901677955e-01
4.379929306781715215e-01
-2.062298049870798344e+00
-1.619125335491834461e-01
-2.030507757144227377e+00
-1.393637831499329183e+00
-1.543415144849836995e+00
8.415104760137021023e-02
-7.129676001589801970e-01
-1.052783013633001863e-02
-7.276704753793523661e-01
-1.085970415111172649e+00
-1.710864496554310055e+00
-4.541087804794452509e-01
3.187270367023470330e-01
-1.814944234068077034e+00
-9.753356592877158171e-01
8.312620751711587985e-01
-4.467774425244838143e-01
-6.652205961959019032e-01
-1.228481384978159646e-01
-4.393584384259993647e-02
-1.945849755817952165e+00
-7.860174140186377834e-01
3.009030991258233589e-01
-2.066513902458027019e-01
-1.430022621669669647e+00
-1.749233360524629965e+00
-1.614030448362107961e+00
6.967816688769106204e-01
-1.986606017504869648e+00
-1.583044543032792184e+00
-2.271146650441196346e+00
-1.443613979693870064e+00
-1.881923786424459566e+00
-9.326693174181341917e-01
-1.318573704406171831e+00
-8.367553324530192516e-01
-1.066925403870021327e+00
8.679703130870822791e-01
-1.726178045688443019e+00
-3.610978054101274815e-01
-1.263391078270610368e-01
-1.292287148514256412e+00
-1.139013348468936870e+00
-6.592468384265651737e-01
-1.314484240049533792e+00
3.147001977159014086e-01
-4.026846936735359872e-01
-7.378278659687790286e-01
-1.169018044237054799e+00
-4.037674781836490534e-01
-4.635338310480534574e-01
-1.050217261038616234e+00
6.982589713252383978e-01
-6.098576471194433468e-01
-2.294872588630159527e+00
-1.600030878050067162e+00
2.604274241684911839e-01
-1.373163694823371639e+00
-3.002993791779914878e-02
-9.411655079644853927e-01
-1.123765839412752987e+00
-2.027558924106181326e+00
-2.680568913113438256e+00
4.898591877080357149e-01
-2.288885980184484303e+00
-2.020165968704184856e+00
-1.673629951243637670e+00
-1.381400079724419250e+00
-1.536255904207909362e+00
2.339393168901353182e+00
-1.883974050386529209e+00
3.751683451036580408e-01
-9.559494558123737828e-01
5.371325203320099773e-01
-2.029274965488401694e+00
2.267979243919776344e+00
-1.994584244555761277e-01
-4.250773477325250349e-01
-1.868069422588685580e+00
-1.869835246698171582e+00
-1.211531643799139912e+00
-1.273050489221271953e+00
-7.339327221620685071e-01
-6.067945005461865549e-01
-1.192340411152496449e+00
-1.394696960656893081e+00
-6.445067170004324941e-01
-3.311792579465150377e-03
-8.010284733105738075e-01
-1.009432987985649621e+00
-1.175179026299348672e+00
-3.433506130381957511e-01
-4.917872860537986779e-01
-1.063979018434708657e+00
-1.197603388062352225e+00
-7.287583021904981972e-01
-4.265190639429375374e-01
-1.342480576685647131e+00
-1.766457972355846673e+00
-7.461961514989609023e-01
-1.703560981636516480e+00
-7.529266790708990520e-01
-8.770577939876620377e-01
-1.103997918870773365e+00
-9.382039948736223822e-01
-2.631604369647481123e-01
-1.254226920769124787e+00
-2.073320499208143985e+00
-4.959665653097461435e-01
-1.128794887811850778e+00
-1.689725155174892413e+00
-2.341381882320169971e+00
-1.491887092284370553e+00
-4.943389596792530094e-01
-2.011737246292992776e-01
-2.105029233839454061e+00
-1.557656052590932427e+00
-1.611785525146435694e+00
-2.205492509900512044e+00
-1.159032965743453714e+00
-1.361273618842694599e+00
-1.087538184563707544e+00
-2.285934697696410112e+00
-4.108158852797779703e-01
-2.158750246812235929e+00
-1.725135905309019613e+00
-1.334529625495907368e+00
-9.519879631736896108e-01
-1.058826167173595234e+00
-1.702987572255028503e+00
-1.688592492201171469e+00
-1.914506961302442911e-01
-9.120287708783950675e-01
-1.665797519462006271e+00
-1.481155994409935950e+00
-1.130900638569898087e+00
-1.432729434283412484e+00
-2.015077566532170739e+00
-2.595833971166108256e+00
-2.249985419050824831e+00
-2.540767507547680104e+00
-3.965878075714927009e-01
-8.895389723050881603e-01
-1.488053546292000817e+00
-1.196938630649551971e+00
-2.522538097167148941e+00
-2.633069740377133261e+00
-2.583476253008678558e+00
-3.514485827434566723e+00
-1.288140567541470771e+00
-2.584416343694468932e+00
-1.764502495149711248e+00
-2.219248940232088518e+00
-2.023736289999556792e+00
-8.398093084188622548e-01
-1.126414245629787647e+00
-1.390408998055927992e+00
-8.444875296529508191e-01
-1.536536368197975122e+00
-2.343932704055257776e+00
3.004849307727441854e-02
-5.917722934849093397e-01
3.745507109151018921e-01
-8.354301372260695135e-01
-9.942593896776658058e-01
-2.538488669913581686e-01
-3.853333073646061369e-01
-6.514356253494372195e-01
-1.391794918091243227e+00
-9.313310346860824707e-01
-1.038122022631193353e+00
1.452381908723511250e+00
-7.683176505130251410e-01
-1.733236975758483789e+00
-7.987748739860749403e-01
-1.202803248181600060e-01
-8.387328932605689902e-01
-9.331325192301533900e-01
-1.989239775564142665e+00
-1.764375067340367309e+00
4.184049859878472555e-01
-5.074455632947596495e-01
-5.924060464138397597e-01
-4.896055566467766296e-01
-1.031540666537791306e+00
-3.596595861731340382e-01
-1.575814103233141417e+00
-1.424492394160450370e-01
-6.581573096280493029e-01
-5.254838793210874215e-01
-4.685055612949811654e-01
-1.549660624395502229e+00
-4.204299219691203238e-01
-1.310015034445785265e+00
-4.627321924184040203e-01
-2.049331286028916566e+00
-1.648584361299759049e+00
3.640164749060150751e-01
1.469717360551245910e+00
-1.946602161272261988e-01
-1.278500096577403600e+00
-3.460886968375335160e-01
4.113688969369125314e-01
-4.242648148215890647e-01
-3.871625432388377530e-01
-1.322141954599749702e+00
-7.110574000276121964e-01
-6.157403449742290813e-02
-1.368621937413449396e+00
-1.505657217393986946e-01
-8.810518652342705925e-01
-9.100212906240978672e-02
-4.048028607261158762e-01
2.643556899075469313e-01
-6.783479099302228699e-01
4.620723148494748078e-01
-1.189435875975535239e+00
2.391293199399204816e+00
2.552824801731038207e+00
-4.874158094652292772e-01
2.796352768716836135e+00
-1.321524285801795040e+00
-1.035143203171738469e+00
-3.954709692292313061e-02
7.407790424854687750e-02
-3.185318724354470055e-01
-1.609275789372552612e-01
-3.196573237998409645e-01
-1.030982957403280942e+00
-1.057474879835182402e-02
-5.651623880895983998e-01
1.381528254070569561e+00
3.545644773961514895e-02
-2.186243550411475667e+00
-8.863603624867730790e-01
-1.369447744905467168e+00
-1.225164629809864847e+00
-1.179419061109172162e+00
-3.478093552501601238e+00
2.974081867297588277e-01
-2.468510213131540176e+00
-1.609935054064133730e+00
-1.400250884882282998e+00
-2.351297195247700200e-01
3.657382513730279006e-01
1.782198539280074545e+00
-7.464022268217856970e-01
7.225499987927921364e-01
-2.873358225158595403e+00
-9.986715348792860603e-01
-2.205401962198071608e+00
-1.114309204362261690e-01
-2.545587631259789596e+00
-1.657532798405096930e+00
-5.672025084873497658e-01
-1.779412724486413966e+00
-1.442504601576502843e+00
-8.655441331568701768e-01
7.212721708691411937e-01
-1.333772018948279792e+00
-1.841800935794138061e+00
-2.677485350334593006e-01
-1.976334727713835449e+00
-1.103463886621019352e+00
-1.262861434445682773e+00
-3.207130797788156351e-01
-1.855716981712851599e+00
-1.721996694144723783e+00
-2.791660073405682230e+00
3.463373764306490465e-01
-6.571081086129768045e-02
-4.764056792954420860e-01
-6.449085035634045671e-01
2.695273096915262734e-01
-1.362094252821934637e+00
-6.444033621695743896e-01
-7.785884675231358187e-01
-1.377375022338201749e+00
-1.086802957158675920e+00
-2.229462464328705984e+00
7.263464857909540662e-01
1.097161214643472604e+00
3.981166363979061762e-01
5.469815591741035155e-01
-2.281395125095374565e-01
-1.112999135190439359e+00
3.563526163616782538e-01
-3.784463506214854611e-01
-5.533721259043166141e-01
2.434987209262321706e+00
2.477743267053212239e+00
6.443397908530046347e-01
1.273404003078296265e+00
-4.092763556388172574e-01
-1.202395220094102518e-02
8.032178668607915517e-01
-9.880752511779532510e-01
4.892479221307514115e-01
1.751934546064223830e-02
-5.772341265921208109e-01
-6.835371315482025034e-02
1.395192354935434143e+00
2.432978817153013673e-01
-2.045496342087695485e+00
-6.563369955522921906e-01
-4.431158315552773397e-01
6.907993062168582554e-01
3.073658797926229758e-01
-1.087525995223052711e+00
-1.247818568538680672e+00
-1.962978728575609288e+00
-1.100861473355672526e+00
-1.636243613128631536e+00
-1.511961761418212813e+00
-1.184910016533579302e+00
-1.874611712864731050e+00
-1.550693314450104721e+00
-5.207211321117786174e-01
-2.422467388934017141e+00
-2.169491197719405129e+00
-1.870069688480387793e+00
-9.395157821529375175e-01
-1.743299493372781672e+00
-1.930298602627344984e-01
-2.705007442023290576e-01
-2.954098673697010735e+00
2.420429545176905339e-02
-3.056839024743829847e-01
1.998603460547612731e-01
-2.433708024778999057e+00
1.558098844936112171e-02
-1.196442792469121219e+00
-1.981378482714963862e+00
-1.022522028307060182e+00
-2.709424814415661853e+00
-1.055954107436970268e+00
-5.659055444639808918e-01
1.712459927008505856e-01
-1.241118962716018626e+00
-1.210997546184683582e+00
-6.699381973495989184e-01
-2.122508921579028929e+00
-3.945918450181010728e-01
-1.848711719186874713e+00
3.529314786732232201e-01
-1.284799387272433702e+00
-3.735765091022531514e-01
-1.941539688457876167e-01
-6.941234405185662260e-01
1.173566431967539181e+00
1.580448918868890162e+00
9.413927523964004118e-01
1.050119466265119206e+00
1.197375150800945809e+00
5.667560271297572561e-01
5.277240068790201022e-01
3.332667854827352505e-01
6.493429474759221387e-01
9.287539888574036784e-01
3.519484270225540223e-01
3.225022727953259505e-01
5.256241864847214229e-01
1.351185740351829034e+00
1.046629100275862978e+00
6.383080943333973023e-01
2.784428636950516123e-01
1.086954022647055318e+00
1.450828608808547582e+00
1.157563711425216413e+00
6.049357256032378283e-01
1.632849050031561999e+00
5.288491069157809088e-01
5.921267566895226375e-01
1.488046216762249463e+00
-3.433329953721719896e-02
6.710383473401961840e-01
2.078398157910968935e-01
7.892731084531461327e-01
-4.153871068274317957e-01
1.885915886705220146e+00
-1.771905981653297546e-01
-3.343008108195202888e-01
1.558934392739245167e+00
4.507601199534535530e-01
7.330941538705157967e-01
4.404310755316691584e-01
6.485019019928757178e-01
4.638255759664250411e-01
7.009523309581529027e-01
1.654551366109808797e-01
1.496120001679316136e+00
7.693602535449912683e-01
9.788796685848345502e-01
1.035110631631211753e+00
1.342577894637278835e+00
7.019815583185450292e-01
3.773138814994636547e-01
3.238982156917963318e-01
-1.123787468437788206e+00
7.814199831236399163e-01
1.865133193879318529e+00
7.174508296393230511e-01
1.479656630187637933e-01
1.301798160509637592e+00
1.006459218728247951e+00
4.200223150860568078e-01
5.054705855065565467e-01
8.107954442773631643e-01
1.134588596520878845e+00
5.432522893222621052e-01
-7.027376358566629344e-01
5.141495890053178197e-01
3.512196958390320645e-01
-2.812916888951721983e-02
5.853379259066741058e-01
1.833561272615768623e+00
2.746474851681316220e+00
7.454709971849355910e-01
-4.488066848413441168e-01
8.593926850977368082e-02
-8.586102125313685995e-01
-6.127164006260318319e-01
-1.189646084227918621e+00
5.335017369295425027e-03
1.065236005230175920e+00
-8.663816851830019594e-01
-7.640440469587184147e-01
-9.401719993267347864e-01
1.129629280642441502e+00
-1.964168432966970634e-01
-4.531267586862162133e-01
7.461958140271459650e-01
9.276572454798872602e-01
2.448564412089846432e-01
7.043829241236847505e-01
2.102567503272616267e-01
-1.653622806106470611e-01
1.129418059372067962e+00
2.050362002186455479e-01
-9.582626703265593182e-01
8.702359160423229767e-01
1.832203126350978817e+00
6.711993117044389168e-01
2.038557780634858430e-01
1.565177449901043127e+00
9.202287159790349946e-01
1.401692811391095139e+00
1.740776747055636786e+00
8.192150270098457199e-01
4.957643036823438515e-02
1.204545674241564557e+00
-1.885049607345768430e-01
-9.625861588555303383e-01
-1.804910267555408954e+00
1.131583584046421898e+00
5.196581912922098034e-01
-4.798369592754360702e-01
-4.372180787539358682e-01
3.495073958769726041e-01
-4.946972450087179229e-01
1.007008997678262130e+00
-1.211131089587778042e+00
-1.254429856198391313e-01
1.858718825799766439e+00
1.089199808084875709e+00
6.754302652469120760e-01
-6.178976542843394038e-01
-1.296001282349760197e-01
1.938787208171936616e+00
9.560235131266752173e-01
-1.411883654502014696e-01
-1.598357673773784793e-01
-5.015052266631533917e-02
-1.400987454873038551e+00
-7.708360550729393967e-01
-6.636107335105446703e-01
1.265274082721354221e+00
3.273250470106348620e-01
5.816956371969017603e-01
1.754678769015347306e-01
1.520935163110498589e+00
-9.562351798942858583e-01
1.156568041586251372e+00
1.915255626537261335e+00
7.778737916504199768e-02
-3.250746115618440291e-01
6.700806913014821786e-01
-6.919235035192660144e-01
1.113721834866153948e+00
-5.339574783874754260e-01
-1.294545246629451363e+00
-4.930195613621220496e-01
-2.011358635083370761e+00
-1.998427991934541847e-01
-8.389757890403842788e-01
-3.317484406994616331e-01
-1.057921806970031353e+00
1.801825559686342226e-01
1.368172173363159105e+00
5.918230905336527847e-01
1.811675488892869890e+00
-5.735694051117885550e-01
1.854173813866755449e-01
-1.559185513991702410e-01
4.860463178599317424e-01
-2.559582828463313753e-01
-6.170959334829643206e-01
1.754649147459746095e+00
6.350465836159278066e-01
-4.911743247666545686e-01
3.100632757218415025e-01
1.140065128182099485e+00
-6.131580214914114091e-01
-1.219735915046260555e-03
1.634093526895367354e+00
6.046543832893674225e-02
7.895311480861835207e-01
1.382473061339937193e+00
2.462593776901804143e-01
1.509209986523476488e+00
-5.344117482410186692e-01
-1.697339685651362728e+00
6.814609929312358538e-01
1.521347193132850162e+00
-5.326401506227440574e-01
2.991471799767082551e-01
1.430068756466985391e+00
2.285250180578349610e+00
1.513020414060748386e+00
2.548503786539894067e-01
3.276788716978251692e-01
2.098232408288240591e-01
-6.947812775583281919e-01
-1.778982109599734351e-01
-6.005953763907211362e-01
-4.695431938498424440e-01
-2.964784102075384009e-01
-3.099892255327695301e-01
7.701415601342012640e-02
1.989214398119332206e+00
1.583163058880670215e+00
5.546495079791231575e-01
4.626877470365487466e-01
-7.116836510238228053e-03
-3.074694574455586471e-01
1.562459558025147466e+00
9.470918291989667281e-01
6.190088440858821928e-01
9.089855083817466319e-01
1.484382007386172986e-01
6.939242531578218021e-01
-9.797091750225712659e-01
1.253861177719760800e+00
-1.018832581624742051e-01
7.680156216784145284e-01
2.342707588350915748e-01
1.763165974860911311e-01
-9.107956650317783343e-01
-1.243146789053926948e+00
7.640441812924939624e-01
-9.438250025963800249e-01
8.669547478230539284e-01
5.640164782272890642e-01
1.885816665222293409e+00
1.194735943620837126e+00
1.892008389215404651e-01
8.822760952697040748e-01
9.316639318662747193e-01
1.475325168318180336e-01
-3.473056094447380393e-01
-4.548003669158578455e-01
2.009556854596743491e-01
7.937954994659953689e-01
1.072637923095241863e+00
1.169435398218325872e+00
1.105167915799666556e+00
-9.448707494720923750e-01
-8.401773516842970801e-01
6.777111836744685869e-01
-5.563109445480519666e-01
-4.729646772274278543e-01
5.212057784624936074e-01
3.921121297144202766e-01
-5.937314916703748668e-01
-1.186686340469151224e+00
5.879642465382833860e-01
-1.554989628567089166e-01
-1.202064593648830337e+00
-6.825184988782797557e-01
-3.461820829670025912e-01
3.114383831797842839e-02
1.194374360755757980e+00
8.740539829306784858e-01
4.603832238226311380e-01
5.418875573105041976e-01
1.351370358879121492e+00
2.528394803464256158e-01
8.185664069218224759e-01
1.444398644899586470e+00
1.014767534052571252e+00
-2.020122027428261635e-02
1.260129317597164844e+00
2.809537663366514781e-01
2.360189522531919160e-02
-5.095330422207422494e-01
-5.107612511322249249e-01
7.702206238531433824e-01
-2.868418850698708500e-01
2.307737961236704383e+00
-3.114589384398113170e-01
8.525292036996897638e-01
1.232553587895850455e+00
8.640847440390240219e-01
4.901458604382814555e-01
-2.070209655207986277e-01
-6.827338380388232875e-02
6.409816841557594014e-01
3.721138253355891767e-01
1.732017841550284043e+00
1.858114721939762570e-01
1.237644782023807233e+00
8.467972545126103423e-01
1.680482402168269163e+00
5.866118730679803495e-01
7.927711216961743634e-01
6.837115933596814576e-01
2.457670553677242520e-01
8.010521852826228972e-01
1.451838004304200291e+00
2.654556211180777670e+00
1.983877256238086195e+00
1.401380410950958444e+00
4.647245170936193381e-01
4.677099575581428192e-01
9.490433122006047828e-01
1.541165254565937115e-01
5.124921881842339211e-01
1.357772050836173916e+00
7.259206696735837072e-01
-7.730511055260513853e-02
6.287830794274623658e-01
1.203912667816026794e+00
1.605982475461631420e+00
1.499161019365302661e+00
-1.183592159639402785e-01
7.265602702954861991e-01
-1.065641617997437063e+00
-9.266729669439658368e-01
-2.198535795080978961e+00
-1.406468074638412391e+00
-1.232474120616713353e+00
-1.257578497813517604e+00
-1.101740161620165415e+00
7.472264763788998287e-01
1.742982871021635294e+00
1.546973936861177235e+00
4.475343160593148184e-01
2.068703808801844346e+00
-2.195028241170343397e-01
1.868092572692011899e+00
-3.748577789937757032e-01
1.605854996957923442e+00
1.334128602439696998e+00
1.555672217011143887e+00
8.991683728426130839e-01
1.687764217332290428e+00
2.774368453558048397e+00
-6.456769461156394718e-02
3.031457357754666626e-01
4.828275034898359130e-02
1.185303175067126125e-02
-3.583957424392165692e-01
-1.167516000805695509e+00
-3.127493140854517573e-02
-9.102030598677633977e-01
1.860419101225763705e-01
-3.570864325335843525e-01
1.173868002647771469e+00
9.364784075509212657e-01
5.399791570961171017e-01
6.011917666274180228e-01
-5.084845599264582461e-01
1.461554716427119649e+00
1.645069667064029684e+00
7.067774119840708469e-01
-1.322135223898152634e-01
7.516473030224455343e-01
6.539229779356671157e-01
-1.093627854994467519e-01
1.556964422196629450e+00
9.016692660925559322e-01
6.681637820588227639e-01
5.438341406976665571e-02
4.983930219823474173e-01
8.095029084353000393e-01
3.911064254778187643e-01
-7.025436639651497783e-01
4.760842728010742930e-01
7.134690490268625895e-01
1.196461255646487087e+00
6.366786485203110302e-02
8.740857365787797484e-01
-2.745038752015441785e-01
-8.555294331888618764e-01
5.971580301841994398e-01
2.023618412044811687e-01
8.588614363741858826e-01
-1.406098294748480804e+00
1.021472088277241230e+00
-4.316435609018229869e-01
8.692096375251899820e-01
4.657089254207544271e-01
5.105619214343937173e-01
1.342540245034376634e+00
5.818363700608106814e-01
5.283309969836897935e-01
1.691715039032325174e-01
1.559081017388870838e-01
5.704692305867815616e-01
1.531158102531212428e+00
1.721978741449054162e+00
1.263329066652639110e+00
1.039285506010432680e+00
4.110297812764132641e-01
1.545970676551398970e+00
1.265397727224399915e+00
8.570439456426331981e-01
1.281230624729407186e+00
1.851088066099187524e+00
1.553438847448948668e+00
1.475738141458849739e+00
5.001454061621328773e-01
7.946390895178383484e-01
6.184341271340547674e-01
1.721372191149167730e+00
-2.852365272309831390e-01
1.249933927688870794e+00
1.012864336891081962e-01
8.996613842520612137e-01
-9.138849823440242659e-01
1.525075262534239195e+00
-7.830464966268732008e-01
1.361087634856084305e+00
1.568353516892218025e+00
1.276085764762613817e+00
5.198138218345235151e-01
4.514801136305285345e-01
1.342289090375161642e-01
1.054324417933470537e+00
1.015492929007316691e+00
1.051475483693850466e+00
1.601521794186421932e+00
1.466281518111488991e+00
2.858232535654696260e+00
1.477073192932226497e+00
7.595843475229246966e-01
2.037128548339098622e+00
1.558088501593972053e+00
1.295299133170119799e+00
2.218037105790407804e+00
2.510006510106175259e+00
2.618345507858871990e+00
1.346568837466385560e+00
1.738786482998603278e+00
5.379050417806818807e-01
8.958966491699549284e-01
4.012325930855923373e-01
1.736872602612029581e-01
-2.032184945985612279e-01
-1.299704715037378056e-01
-1.473274215846688273e+00
1.874316431650534520e+00
7.474887144640920966e-02
1.290604301002279186e+00
7.110051827630436971e-01
5.778733560838327232e-01
1.724483365303277338e-01
1.966266845703333654e+00
4.648465242598508185e-02
2.012685549803487906e+00
-1.393646472680541981e-01
7.560861183470545255e-01
1.307571084177471921e+00
1.011540550383064341e+00
4.633602457167003696e-01
1.447969694670176111e+00
-8.872514406027357525e-01
3.240754133716330920e-01
2.329216892959027341e+00
-2.044239624003488243e-01
1.728819825054851211e+00
1.624409001535554786e+00
1.956553522954595614e+00
1.230521383776585154e+00
1.878611573722875239e+00
2.711484196675825187e-01
-1.268814214858314360e+00
5.618348567133503169e-01
-4.205560394930495938e-01
6.554323100274820346e-01
-1.012911708061170257e+00
-8.487134760103045572e-01
1.212466814153941641e+00
-1.114994079076384370e+00
3.606340915566526029e-01
1.468463681567612200e+00
-7.665805875970774785e-01
1.593649424118236624e+00
5.672959249616954525e-01
3.249622964828069449e-02
-5.183059096199638116e-01
1.002245347474292281e+00
1.686062808282551950e+00
1.880958011665132323e+00
6.010372311084396513e-01
1.082498953470536707e+00
1.805111435635841088e+00
1.593908615160140485e+00
8.048569026651010427e-02
5.918351354109430140e-02
1.324488122608620699e+00
2.480037417300616998e+00
2.407359714154582608e+00
1.810438314175496499e+00
2.218539982290624657e+00
-2.213577080215100246e+00
2.938462054913366650e-01
1.134799890506747178e-01
1.842354752042368038e-01
-1.022391060418753606e-01
3.916293118636653414e-01
1.093064419887217698e+00
8.930714911170993808e-01
2.385516312643126136e-01
9.586677080397497663e-01
9.374531259622114199e-01
-4.054769059206295156e-02
-2.517110792630196325e+00
2.004298060554590144e-01
1.003151015341471886e-03
-1.229944630595480037e-01
4.446912785957860548e-01
-2.227391016216978326e+00
3.322951566996015238e-01
9.402428410155940774e-01
1.664541459106745558e+00
7.790664207521880158e-01
-4.765466957268709169e-01
-1.743109314704394119e-01
-7.761798426895996084e-01
-3.357853921208367454e-01
6.383011795976705205e-01
1.248654907820462290e-02
-9.316161114919540021e-01
3.397096443439007185e-01
2.580563522357980366e-01
-5.999620065751661846e-01
-2.689081718462403292e-01
-1.891484952436665035e-01
1.753398633607333168e-01
8.748394215987206346e-01
8.118630485604948488e-01
-7.010555636978189620e-01
9.263501520936567868e-01
1.280469453340134844e+00
-4.656718352601615374e-01
3.109992233161856801e-02
1.165758497340045219e+00
4.828410231836189337e-01
5.923947610908580907e-02
2.836529921604659110e-01
9.731163638441091557e-01
5.880909714912119224e-02
9.958033804451650317e-01
7.819726628871466190e-01
5.491438923678758632e-01
-1.377639357707016177e-01
-3.692946372968047841e-01
-1.211165175286898821e+00
-5.209960233428302390e-01
9.476959801600632893e-01
6.367711672478216789e-01
5.675940840913913377e-01
3.133666221003657271e-02
1.479034534181554728e-01
1.062298286142877357e+00
1.091815199342149212e+00
1.329169479900936146e+00
-9.747040668088029214e-02
3.689737539780590936e-01
1.237666687393505355e-01
6.580481028905817986e-01
8.831513936614752980e-02
4.517144879637236543e-01
9.500626983877910048e-01
2.694782611680796025e-02
5.399253388023060596e-02
-5.411421858159581877e-01
-6.927764170019631851e-02
6.424009381120778794e-01
-6.919784009790973245e-02
-2.047323083985075787e+00
-1.192717990109132931e+00
-4.199058892238603513e-01
-9.001622576935721654e-01
1.072040795455605489e+00
1.102369899259668884e+00
6.028459595332852361e-01
3.056556628316213775e-01
5.183012331224416958e-01
-8.965336658101998868e-01
9.530620446134823176e-01
4.596242315505182363e-01
-3.538633577005575459e-01
-6.653851131228811777e-01
-5.687412355613987724e-01
3.870937742543055227e-01
6.911059680524143101e-01
2.568815716371790625e-01
3.325445619181511270e-01
1.150035880233110375e-01
8.277464177521992594e-01
1.416711341142995018e+00
8.559331468174642410e-01
3.396164769346632362e-02
9.641247858231547507e-01
1.050175573988670230e+00
-2.796365541088755569e-01
1.394406948975498883e+00
5.563533193280222333e-01
6.494658122073448947e-01
1.318038362581391620e+00
1.211721018349759538e+00
1.620860863672766605e+00
5.666640194803753694e-01
-2.706418212675498758e-02
7.102249106591109751e-01
7.448923744539934777e-01
1.863413604740168372e+00
-3.073476644883533226e-01
8.187613017831310014e-01
-4.392767339106140034e-01
3.320423406062788518e-01
4.803009310498937423e-02
-2.533778425223986996e+00
6.118245101537144182e-01
-1.519831455745842552e+00
-7.900802596477416451e-01
-6.271561632612526749e-01
8.868839054529161769e-01
-3.906985488375813276e+00
-8.309087068210780913e-01
8.708559969759286368e-01
-1.559123896305943724e+00
-3.855905130164176242e+00
-1.426179868263173667e+00
1.966310438741786237e-01
-1.053734174469650897e+00
-2.507095529416148771e+00
2.409183820442558632e-01
-5.616762930066858672e+00
-9.351690497669833402e-01
-2.633652606192478984e+00
2.222443835070778695e-01
-4.223839995864888230e+00
-1.077193993331875044e+00
1.225321409266241224e+00
-2.434300700745985147e+00
4.754670715361163924e-01
-6.890438419582274321e-01
2.887830310080716778e-01
6.102776424738003413e-01
4.546132987078317367e-01
-6.920042878866671243e-01
5.553125068412132492e-01
-9.988746127459573465e-01
1.067159357563191913e+00
2.662219749213954323e+00
2.403483604452434363e+00
8.390964148414383761e-01
-3.523575434688842600e-01
7.735924235719158215e-01
3.505488345314782817e-01
1.448585763458076547e+00
8.469378971964601766e-01
1.107563156970781781e+00
-1.278353854390636535e+00
8.874667261845371746e-02
-4.451586605901980409e-01
-1.514684769028042943e+00
2.590265735029900207e-01
8.112917093426803561e-01
1.079686605496406271e+00
4.267757949758874680e-01
9.611860901604555307e-01
4.510370862538026770e-02
1.314624661030952435e+00
1.734014598839341004e-01
1.467334751679809202e+00
6.304288307159477966e-02
-1.175067932150763994e-01
9.025844515159828774e-01
-1.508992423142488937e-01
1.296893850793366387e-01
4.316839248610948032e-01
3.126692347305982111e-01
7.264816555697342082e-01
2.073262162635265415e-01
7.005898027201162837e-01
5.382379371580887917e-02
1.018180137811123487e+00
4.522859729881315016e-01
7.999431627374404830e-01
-9.595264466684930160e-02
3.296528754137639794e-01
8.478362439684519192e-01
-8.540168182189986079e-02
2.143988081899339260e-01
3.733503106815188044e-01
8.248543851162873919e-01
5.407284629526197817e-01
2.241244295750965121e-01
-8.455973458276763721e-02
1.044983914647799050e+00
1.870384639586799014e-01
-4.292132285353450483e-02
6.350866041684223584e-02
-6.260189589148125178e-01
4.729665298430436593e-01
6.147566296140002384e-01
-6.771349046000936234e-01
1.103302594809428383e+00
-1.144917550378787396e+00
3.531145389438543614e-01
1.402608519954858801e-01
7.192158022639508763e-01
4.519089158377910254e-01
-1.771638981345829700e-01
3.871828314376430935e-01
5.121216664508760896e-01
3.420837904423240650e-02
6.509411696996464380e-01
-8.773566740945639708e-01
5.142764277486715496e-01
-2.760242471631673133e-01
-3.357020457933317381e-01
-1.548262974619075250e+00
-3.357381047131080543e-01
-2.961260310589869382e-02
-1.050098450220966206e-01
8.086319071240271050e-01
6.276349489836169360e-01
1.447011571580490097e+00
-8.923367673291421331e-02
4.056465728801655346e-01
-5.519283265824254103e-01
-4.730287364011129814e-01
-1.429240971554125716e-01
-5.463846057403241030e-01
-9.736247747637134520e-01
9.297895211196359755e-01
-1.822298316472630852e-01
-8.663880143859720162e-01
-7.897538604985129274e-01
-1.094865025196074981e+00
-6.418211247998084623e-01
4.592497880825316403e-01
7.184065095097698084e-01
-3.348953313486384142e-01
3.427983855684746395e-02
3.218890862525822794e-01
7.435163688403745308e-02
5.427374698413978127e-03
4.126794162203356597e-01
-1.602343561296429852e-01
-3.148867851934674666e-01
-2.380319566922040608e-01
1.691835322685506515e-01
-9.379570156661982960e-02
-9.056469042642949496e-01
-2.186476134600071064e-01
-2.758143325696276182e-01
8.376792249949804869e-03
2.905973128287699936e-01
-7.612403862390967335e-01
-7.158980219383419552e-01
5.340950231292569406e-01
-3.522122256406083896e-01
4.327277429675235321e-01
2.521655855995313389e-01
7.641644685864867892e-02
-2.127778481790677800e-01
1.373196144232549099e+00
7.738127375050543044e-01
5.140259512809519649e-02
8.862109498064408841e-01
1.142337947261609976e+00
-5.444053108345272562e-01
-1.687571111246168876e+00
-1.762023119941625637e+00
-4.549196141424124429e-01
-6.424442998719771536e-01
-7.532255292346992093e-01
6.655586051672938153e-01
1.847152937586489685e+00
2.662183982570313634e-01
4.188640810874477149e-01
-8.512948856159022748e-01
9.411453510918786902e-01
5.799784157556560071e-01
-3.372172425738924062e-01
9.559841322886908355e-02
-7.105155254587400826e-01
-9.205070432040779460e-01
2.829919854741850260e-01
-5.457851501399896277e-01
-3.474878250984172467e-01
-3.279107530564560058e-01
-1.941135194975222578e-01
2.922561840947879297e-01
6.236221206636902714e-01
-9.344414384797293804e-01
8.736145332497586846e-01
-2.174681760566443134e-01
-3.470053238237760795e-01
2.550624022040184902e-02
-3.559131820844030902e-01
-4.690862711170432076e-01
1.140457620085781887e+00
-8.181821273794145366e-01
-2.883542508964762607e-01
-7.843287684865180021e-01
-1.372088840214912286e+00
-8.515745980402091853e-01
-3.289607095359063038e+00
-1.962704813519845493e-01
-9.740044103360081529e-01
-1.799491846756741786e+00
8.020977636572194092e-01
1.671073673050267105e+00
4.408603847776271234e-01
-2.913049623893614326e-01
3.693050919144458266e-03
3.341285040134089890e-02
3.407556459777687508e-01
6.780976609231109675e-01
1.412499996914951428e+00
1.252214479345486353e+00
1.396093607872842757e+00
1.618541468676016337e-01
-1.986173897219074003e-01
4.820368654184160884e-02
1.374075314575251783e+00
-7.707433725927711476e-01
1.084854970823057485e+00
9.437430274282200271e-01
1.566052825625304346e+00
1.497081461198209729e-01
1.009264190908698566e+00
1.703223509686554671e+00
1.546935788785263055e+00
2.470189744013597366e+00
5.591650846889135718e-01
1.015587826306354025e+00
2.884893169432691806e-01
1.064429546143826233e+00
5.932257463104229078e-01
-5.775136432721386104e-01
5.280448269093738212e-01
1.677090137876682263e+00
8.813522703116969392e-01
7.071036205107039674e-01
5.002985766847303228e-01
-5.740602353865853491e-01
-1.086370116576691025e+00
-6.490808059567690913e-01
7.041273036176098898e-02
-3.635146957937074319e-01
-6.268336979591566660e-01
-5.151221895253914607e-01
-6.333411844222537335e-01
-7.569643094269916661e-01
8.430984193715538311e-01
1.858638624641524517e+00
1.005727880387842887e+00
-6.579737881599845295e-01
-8.133663499525933815e-03
-9.023339379826737783e-02
-1.596528345235929791e+00
7.343832980138439437e-01
-5.948548187033968482e-01
1.058988276114381621e+00
-1.911298608734907312e+00
1.518283390084983253e+00
-9.128286548785390364e-01
1.893094633125378845e+00
9.160362348590405102e-01
6.983753050186087830e-01
9.189086675062643206e-01
1.808613452302803903e+00
6.048294990133568083e-01
1.011433550983541263e+00
3.289206694798725850e-01
6.080549570065593157e-01
-1.462000631107657211e-04
-4.414246434089061366e-01
2.629531747170652523e+00
4.466011007240620612e-01
8.233130854797232612e-01
3.066352749325026439e-01
7.290051780234727552e-01
1.077631346727369488e+00
1.626312418772977608e+00
4.801819776555067976e-01
6.163135010021343341e-01
6.459482188714186224e-01
8.234618412943151000e-01
1.095694241188830187e+00
1.068458690979838144e+00
1.608381570185797749e+00
3.356883933522338270e-01
5.742321425980052574e-01
-2.006251016524908115e-01
1.671937043233512610e-01
-2.031864126581195140e-01
1.504122896767658979e+00
1.333017777600573162e+00
1.228292778336772084e+00
-5.266403133440962503e-03
7.936183275199004683e-01
9.302954414373192371e-01
3.523610931722324646e-01
1.514762057018526509e+00
-3.493278474766244868e-01
-1.580675368175731510e+00
5.436154638599373090e-01
3.443602290003661137e-01
1.640713739674211080e+00
3.993487659668358836e-01
8.127471745636075107e-02
5.232553565236164328e-01
-1.611056548083235063e+00
8.802139770120298579e-02
4.468922640899836152e-01
-3.642844499405362146e-02
1.783244542613739325e+00
-2.086776915397884569e+00
-3.457915582261383847e-01
-9.550864197823554225e-01
1.195085726277632210e+00
6.697838728042939671e-01
-5.166492070930459590e-01
6.050006064022084296e-01
3.578350436327830675e-01
-3.912696966779816155e-01
8.594427260353323383e-01
3.462229356301191330e-01
1.501934098517790084e-01
6.058630482233504644e-01
4.956684447833263896e-01
-1.371325747339348089e+00
-1.017039735366293662e+00
-2.656731069132962642e-01
8.198596154638853051e-01
4.938610131471606879e-01
3.975753333542984824e-02
5.642215675182027379e-01
-9.276463525429171075e-02
1.913172262191700446e+00
6.766972877659296892e-02
1.171324982352231592e+00
9.366397834904630626e-01
3.802451774370645410e-01
1.442321959340626236e+00
-1.767239526934169191e+00
1.951171319363098178e+00
9.443835210623652276e-01
5.536007966531222291e-01
-1.147580136725281141e+00
1.095975058667859159e+00
5.592106970501382612e-01
9.068316829840747939e-01
1.481027623551229411e+00
1.380836341927057953e+00
1.645935051805105021e+00
1.359668310609689845e+00
6.224059540003613611e-01
7.150143190957464201e-01
5.325262373126822268e-01
1.961847883520177749e-02
2.956944895806248863e-01
2.235424319670551441e+00
2.266080967619834130e+00
2.712621879586941454e+00
1.045455199962103565e+00
-6.173179106333281929e-01
1.250595971377370108e-01
2.454535447571883022e+00
1.363841728094082884e+00
-2.018643550493063321e-01
9.542618526540387336e-01
1.705699014543814007e+00
1.280066315201028537e+00
4.214232390105324133e-02
1.635838399927020681e-01
1.257685655943079572e+00
4.385403256838932284e-01
5.551672516662997658e-01
6.887094873345794843e-01
1.270664712502503901e+00
-2.437368584681615657e-01
1.063321437817198678e+00
-4.640946755255102585e-01
4.157362156019683841e-01
-2.790793538359349624e-01
5.652378567082446681e-01
-6.751478339306562493e-01
6.488675736706331909e-01
-4.671641335852402266e-01
1.464270971736401084e+00
1.033066885280653491e-03
1.408351760592804647e+00
2.538818254487923198e+00
9.162733049767559645e-01
-1.109029560258640412e+00
1.349127807735578111e-01
1.357136500960670400e+00
2.292309455994940015e-01
6.418195434512957709e-01
1.736481843069923592e+00
-1.996207467788904677e-01
1.306540449058755771e+00
7.143190736042773770e-01
5.535715088643108350e-01
1.910955421729071402e+00
-5.876433202640696241e-01
4.897506443479625604e-01
2.928956829573005072e-01
1.476431209130463440e+00
8.718118837433632695e-01
1.547293867498513942e+00
2.972144753057863187e-01
7.227058695176205583e-02
1.955602154727357656e+00
1.258484056119886785e-01
4.350681711020883413e-01
1.709382570763640086e+00
1.149594358403391414e+00
1.470270523713497646e+00
4.273532879022697850e-01
-1.239449183324688869e-03
2.359077540746163382e-01
1.851013411528795172e-01
4.969221612630679852e-01
4.172535418196275381e-01
7.360179319785740137e-01
-7.872824092880396085e-01
1.634412313685888574e+00
-3.376812017547812239e-01
2.327269391616774374e+00
9.629028088657064499e-01
9.708679517690724792e-01
9.119022427938792141e-01
1.019782663595352634e+00
2.219526119853290069e+00
1.233106955794072590e+00
2.388008224102984300e+00
1.178908435584697045e+00
9.004790263718697174e-01
-1.896823185574244008e-01
1.121182103694216670e+00
2.810091382751485622e-01
1.063547410755198541e+00
-1.201916789805808489e-01
2.987544570590520143e-01
-8.464482966273224607e-01
1.357776054828000456e+00
5.750879473815637827e-02
1.086189154382024125e+00
-2.907130080305538322e-01
8.720540373165581727e-01
-2.245479477651072253e-01
2.408018363228250358e+00
4.993448055259629426e-01
1.693786330484693847e+00
1.190195263012084448e+00
-5.267442826173570625e-01
1.807358917838166601e-01
3.376646206753004531e-01
1.285663310984310970e+00
1.037440078437910529e+00
2.270516242340210877e-01
1.600511793186945031e+00
9.900358922154903762e-01
5.116296067181215212e-01
1.003393879383423837e+00
6.570888422129300688e-01
1.903604200040162286e+00
-3.430958620075661436e-01
2.420914075991008330e-01
-2.737937102385668009e-01
-4.453766176803572452e-02
1.248553994353118757e+00
8.135125831343408276e-01
5.930223839922470486e-01
2.690046145310405756e-01
5.336687725722618625e-01
1.265570593299669699e-02
5.676640515623074812e-01
-1.739247078656549483e-01
2.515378798657589288e-01
1.607093569868298655e+00
9.365633890675262307e-01
1.972427898076989372e+00
9.940491248043760164e-01
9.092521764707164333e-01
-4.826672171703162428e-01
-3.156939524993851443e-03
-8.516783086268440162e-01
-1.351755736633603600e-01
-4.770531016588248630e-01
8.561899272587288889e-01
5.581348269854791155e-01
4.221526306398494244e-01
-8.460762891838907729e-01
6.402515197762321808e-01
-3.830570565977883257e-01
5.973247862509311057e-01
-5.269322224852382996e-01
2.551371805636201695e-01
6.914219977276671036e-01
2.531146492953132432e-01
6.944899147916788751e-01
5.294745527804516350e-01
9.672382871550793126e-01
7.351113160019049353e-01
-1.392150888340305814e-01
7.011106323495842618e-01
-2.713587229184112881e-01
4.754726229139595306e-01
6.611271752888312481e-01
3.865095667535822233e-01
1.005713536647925066e+00
1.410805642612375399e+00
1.954812939918114001e+00
3.591079919681969823e-01
-4.834960241086994626e-01
-1.002195826369251197e+00
1.004711894884159129e+00
1.256485010826519755e+00
