2.546440775923966005e-01
7.281296755795457765e-01
5.095349091160746857e-01
-1.036958860392924064e+00
-6.217964640083684102e-01
-4.201961332042248864e-01
-8.421437226774434182e-01
-9.797201523463876516e-01
-1.689262149075881903e+00
-1.054294872217552914e+00
-3.133320726332556871e-01
9.416906506348428074e-01
-4.808862226442056076e-01
-7.372720818445341884e-01
-2.165368310430172416e-01
1.225753655890413907e-01
-1.008222011703773013e+00
-5.215082598428864014e-01
-1.409247443261668176e+00
-1.420657188031420715e+00
1.371010890487970979e+00
5.424343338376977908e-01
-8.588884008522901237e-01
-6.621861059984277542e-01
-8.012963270176929331e-01
-9.926943041427956915e-01
-2.064390197432488083e+00
-1.014057348883923515e+00
-1.424295053882507434e+00
-1.186091029634667171e+00
-7.981621524242248356e-01
-1.781997933216345809e+00
-3.074361857438450141e-01
-1.581822940799060717e+00
-5.638510394376816670e-01
-1.828720618167932521e+00
-2.222390987345037594e+00
-5.002469966441154270e-01
7.517879520077639377e-01
1.180333078753130482e-02
-1.760057576081193176e+00
-6.669719219948772038e-03
-6.281011911860858721e-01
-1.053738221028177824e+00
-1.138519264702329004e+00
-1.879087892590904474e+00
-6.627014341488677296e-01
-5.977374218289558394e-01
-1.801567683954410137e+00
-9.283459183244759938e-01
-2.098254801259814339e+00
-1.737369528792048978e+00
-1.339153253532608501e+00
-8.937908948644318619e-01
-1.841012255137393749e+00
-1.179192887297063397e+00
-2.540042530692725453e+00
3.134655128792734224e+00
2.054882933966334591e+00
-7.567748958588971231e-01
3.348213661647772899e+00
-1.467294463886795963e+00
-1.612575217288647389e+00
-5.374326064066865527e-01
-1.007214537375635377e+00
-5.504850851287486080e-01
1.597231624961693575e-01
-6.266871650159319129e-01
-2.240342851438347438e+00
1.416960652197218673e+00
-5.272734711068013391e-01
1.431518403782647830e+00
1.649160505263844501e+00
-2.583633885176104705e+00
5.774735165201281273e-01
-2.150064933746445472e+00
-8.968239402206367172e-01
-1.555480858981547865e+00
-2.253009878426783796e+00
-8.954395184540034358e-02
-1.974982047277320296e+00
-1.955782979002285815e+00
-1.710625656130260186e+00
-3.716895169640995755e-01
-1.082511468166723168e+00
1.081979725983281959e+00
-2.146481939718294374e+00
4.610763083984683597e-01
-3.689646382247054213e+00
-2.326090130631229602e+00
-2.860515179179548895e+00
1.719031527160030937e-02
-3.296433705811698811e+00
-1.398980989361615634e+00
-5.450295565983995782e-01
-2.091796695570562914e+00
-1.458893358876560020e+00
-7.695524185892753666e-01
-6.385698983652231542e-01
-6.850427124473186247e-01
-1.106525400691698025e+00
1.525767792914206611e-01
-1.763795161164930292e+00
-9.180787416796541978e-01
-2.374384195650830698e+00
-8.856039382358375789e-02
-1.994520824445377816e+00
-2.873765656121331169e+00
-2.375136884631033674e+00
1.398618204182750624e+00
-1.226235094101234990e+00
-4.999400334711427973e-01
-8.026179377105795432e-01
-3.412059653531930303e-01
-1.245378469614124128e+00
-8.354790429022486142e-01
2.201768503174094116e-01
-1.268906304904663829e+00
-5.588034517719899785e-01
-2.907041450462932719e+00
-8.625694863553478031e-01
1.378344524439707453e+00
-4.061024400001278511e-01
6.830093206592705579e-01
-1.578071891131660021e+00
-1.791374684161935793e+00
-1.114086961930698338e+00
-1.091367603114634433e+00
-7.211578185636133842e-01
2.685919440814134695e+00
2.561848921107461763e+00
9.260372009164596907e-02
6.759245290143813811e-01
-2.803323164575482807e+00
-2.070292653629197233e+00
-6.284180184454430940e-01
-1.255710469432915533e+00
-2.694726541320674462e-01
-7.862252164837989499e-01
-2.209147130002140802e+00
-1.643745907090847114e+00
1.049349228367248532e+00
-9.323098493121280139e-01
-2.170207250807631105e+00
-6.018850999616751629e-01
-1.100209540084337023e+00
-1.016083630621564593e+00
-4.528010909700076470e-01
-1.543130375881176075e+00
-1.118390286369673969e+00
-3.067372056549920067e+00
-1.301279515175590262e+00
-1.235246879771943807e+00
-1.504776299197158496e+00
-2.661214932715299852e+00
-2.376599642879873908e+00
-1.864719774754486581e+00
-9.593866162200848091e-01
-2.637434003539915306e+00
-1.275644483109614757e+00
-1.207083504490145121e+00
-3.945024907812962889e-01
-2.372459600314405392e+00
-5.725699731516203927e-01
-1.186219113896912258e+00
-2.268176525521609754e+00
-3.343919894676067317e-01
-3.321011623155789572e-05
-3.865754877207156492e-01
-2.809197815295561007e+00
2.015307458058691603e-01
-1.410384349091671208e+00
-2.981213595933324356e+00
-7.990883532472830009e-01
-2.422299111696499363e+00
-9.969114982083113752e-01
-1.815847873521597711e+00
-1.371898783465447691e+00
-1.152083228641213930e+00
-9.458385165821530105e-01
-1.225541838491167601e+00
-2.644082170712013458e+00
-1.730935142281347261e+00
-2.629632141693011516e+00
4.201187485146464784e-01
-1.305245643379497889e+00
7.459649674574947431e-01
1.381278058973275602e+00
9.568217351720769148e-01
-7.848394880202741453e-01
1.080554036932322548e+00
7.565431828029077765e-01
6.274240018193920632e-01
6.529377561928277895e-01
-1.084662012602777503e+00
9.341388429490901091e-01
-2.193867754355638411e-02
-3.457632272968442222e-01
-9.242569212542082191e-01
3.726434382554459912e-01
1.096188601495175829e+00
7.283252336542205274e-01
1.199343646391036300e+00
4.787571181073388416e-01
1.401043759348190809e+00
5.578025964674022674e-01
1.301133015862453002e+00
-2.460505224245227995e-01
-1.481084553125668057e-02
2.370547422891753631e-01
-2.680183438266116047e-01
1.235119585264807252e-02
1.463329335183078950e+00
8.825430375798672955e-01
-1.491450896828034334e-01
1.860131781767917492e-01
-1.933457734635102288e-03
6.100420298318559587e-01
9.473145455884175448e-01
1.457427138267640476e+00
6.008329018124609622e-01
4.802289305859586133e-01
1.130067339229334333e+00
3.672533036373224480e-01
2.110879733524885227e-01
5.582366748824509894e-01
1.526718474810913051e-01
2.833052294494727841e-01
-3.700183497061977911e-01
6.933899527638398563e-01
3.939267559826427345e-02
-5.767616788921219317e-01
5.572600606779799515e-01
2.402734466755320764e-01
5.236859299860089356e-01
8.853230379362950764e-01
-5.202224155683916607e-01
1.701978704598899883e-01
1.328314378823551856e+00
-3.179701286167108121e-02
3.331272834866652599e-01
4.751889950544758712e-01
-2.397862216110179245e-01
1.456509765783610133e-01
1.788529607031561275e+00
9.576555614481652157e-01
2.329118688349589572e-01
1.003603610087495213e+00
1.210776692183323844e+00
1.438219455958833770e-01
-8.662967592727200961e-01
-1.153860253944066327e+00
9.861107613487907209e-03
-3.409467860725436950e-01
-3.665621880310632186e-01
5.997028289635730758e-01
1.934450270579485487e+00
9.443269098530611139e-01
5.387666885299124964e-01
-4.460274829604555791e-01
1.726483918886866364e+00
7.589799596518078673e-01
3.102750480275171530e-01
5.050984384044934217e-01
-4.972562588602048028e-01
-9.030118030833824694e-01
2.608768008274340300e-01
3.639441882999791544e-02
-2.120170716317006099e-02
2.239453331830674743e-01
8.343454939508964108e-01
2.324517842244182564e-01
1.134124636610749137e+00
-3.678099539336202040e-01
1.243838389121114663e+00
6.953285502871220380e-03
-8.030621226202030449e-01
3.728680664219649055e-01
-7.300206097563560759e-02
-2.291885547514038723e-01
1.285265187266364295e+00
-3.704386526874656749e-01
3.636461355510989812e-01
-6.443326894032816998e-01
-8.981558952926463890e-01
-5.247417171483897969e-02
-2.459219532424650190e+00
1.037045029028223486e-01
-1.612643052080479367e-01
-1.215275180814744171e+00
1.484862595768670079e+00
1.543630836792795780e+00
9.461794335347897267e-01
9.848340150745571453e-02
1.360740860960504506e+00
3.608820876394547295e-02
5.625136768364257245e-01
9.189180897658005831e-01
2.026905821106769423e+00
1.928497302839387029e+00
1.706503431560884687e+00
7.581693227573660376e-01
6.277337895984019811e-02
2.942038919145280040e-01
1.453317751912454714e+00
-3.946584328099381755e-01
8.952346244128650543e-01
4.604149525853545866e-01
9.364002089642589066e-01
-1.358852966475200930e+00
5.476723864369025252e-01
2.262307240598808722e+00
1.073187625587257443e+00
1.771226319672782434e+00
-3.633405770553755909e-01
-5.306553633011299453e-01
3.702293393508195862e-01
1.757901432060669178e+00
1.830825463805936804e-01
-2.024603634045703870e+00
-7.770762588306392438e-01
1.523455157084452782e+00
8.086512455949692590e-01
1.969774189262289421e-01
3.975953889154285603e-01
3.666060341019836133e-01
-1.228768208140444074e+00
-6.035778051179679915e-01
-1.980552911599861299e-01
-9.186597308280974872e-03
-1.888332655204411070e-02
5.671468037313194266e-01
5.795426346840245602e-01
-4.739239467416030971e-01
6.145690495199885861e-01
2.260207251729661859e+00
1.186788525555626084e+00
-1.173444316779640451e-01
1.996401978123744092e-01
5.171416967801579778e-01
-1.078612284991014025e+00
9.320337924764894311e-01
-2.229827425493010051e-01
9.186187241974880235e-01
-1.544862712160364637e+00
7.024862415897450418e-01
-1.243196957599025820e+00
1.180071634835137218e+00
-5.577367459078869105e-02
3.050285060100770829e-01
-2.575189082556872400e-01
1.371364853790533633e+00
-6.243721765082355102e-01
3.209013150616085164e-01
3.103338025847139359e-01
-2.708506385676686667e-01
-4.838024529364343684e-01
-9.289890696133369374e-01
1.927066609178815781e+00
-2.943501388187521606e-01
6.971354581852746701e-01
4.728109797437514139e-01
1.237696506757780979e+00
4.484091209225839481e-01
9.535709080763599133e-01
-1.403908902425068383e-01
2.231223847883009523e-02
4.281254323752483604e-01
3.600836288236448079e-01
6.216651462767682768e-01
1.034287316885098562e+00
1.341675201710749166e+00
4.120323344307652014e-01
6.484584355182230198e-01
-9.765009214910357338e-01
6.210645609187145366e-01
-1.367117754115187434e-01
1.411056166741093687e+00
1.183997123867014611e+00
1.105937224427434362e+00
-4.369934046912648529e-01
6.680402768093796073e-01
3.250111241622526403e-01
-2.120933509422174179e+00
1.367789377963002595e+00
-5.423052987049750140e-01
-1.575575968008305017e+00
2.321220401667848099e-01
-4.308851569019294114e-01
1.229540656336882254e+00
1.981045014599769616e-01
8.264976591458586541e-02
-6.729055500169806026e-02
-1.590035329925871377e+00
-2.169544984764265050e-01
2.020741837432379340e-01
2.016118922829817917e-01
1.831258817841290965e+00
-1.626208710371726873e+00
1.088759437182727774e-01
-8.934300648648856313e-01
9.766874179781163123e-01
9.128095476055838597e-01
-8.040452735435454912e-02
4.501309998020779912e-01
-4.918865742807143615e-01
-8.870060327183697524e-01
1.311766506305593438e+00
9.427898504182077311e-01
-7.054267379670986493e-02
1.012532606812986291e+00
2.516270592964416353e-01
-1.530517762162812989e+00
-9.501603813711256841e-01
-3.428059730067525845e-01
5.007602480436650350e-01
5.679538439379552273e-01
3.003751955138370677e-01
1.574718919631615810e-01
1.868284842967392057e-01
2.156716895537353906e+00
8.638091972977302024e-02
8.745245556375618179e-01
5.824232317143180904e-01
1.163107609942042875e-01
1.152920697764586722e+00
-1.968260772913461354e+00
1.427311358356050164e+00
1.078369169482514156e+00
5.761854274992372210e-02
-1.413279214724765032e+00
9.804618761741366040e-01
1.395802158094381573e+00
3.462493995014155890e-01
5.634192491895373411e-01
4.708169407777218485e-01
1.567795616712860163e+00
2.936668804858979520e-01
8.660445256282434112e-02
3.968723117156679470e-01
9.809389416385133620e-02
4.856761159279338047e-01
4.868389626543327409e-01
1.076687267003803239e+00
9.499832537201836624e-01
2.688136643996754671e+00
2.152619846066813558e+00
-1.171079948186883879e+00
-7.181656938229498133e-01
2.039159785429880856e+00
1.424011210153611540e+00
-3.903511732244853705e-01
1.535581303252401719e+00
2.038239373196331972e+00
1.864003971413019656e+00
7.993530972656056610e-01
7.713036681931840777e-01
9.630053734976388169e-01
3.879405198470476934e-01
4.389579246398551682e-01
9.367987245522746420e-01
1.481315671598083750e+00
-2.015270700067044896e+00
9.801406067567868252e-01
-1.370612315077912147e+00
7.232946561937339536e-02
-1.301991870185117639e+00
-1.342437604089846415e-01
-1.346593082039089673e+00
2.534164176542198499e-01
-8.920507046274210872e-01
9.084594049767324986e-01
-5.338700573684174167e-02
1.526972854501481125e+00
1.357638961882833506e+00
1.149477838499683546e+00
-9.730597893666352860e-01
-3.035271377596272108e-02
2.134793539919245031e+00
-1.579564592795187905e-02
7.164518434266555769e-01
2.110533777379297593e+00
-5.635329444012695532e-01
1.325247572959593834e+00
7.101285781891999438e-01
-7.395227438509953677e-01
6.085251100986839301e-01
-1.105007233767074659e+00
-1.052590597717736776e+00
5.784647081445349892e-01
1.111631402659009948e+00
9.165164900097536593e-01
1.664864056762802136e+00
8.280469494286863963e-01
5.638821433680306638e-01
8.364686548044022452e-01
6.049136881950069322e-02
7.928290009254834736e-01
1.647919656629748264e+00
6.194938477680278499e-01
1.306241286542634050e+00
1.322460642286092392e-01
3.293080122264544496e-01
8.329548066751512048e-01
5.867179822390808930e-01
-6.510877045308268718e-01
2.830952778835199579e-02
-7.534529112972210285e-01
-3.197202695789473914e-01
1.935545806347166664e+00
-1.010270376281257709e+00
2.713988289032255974e+00
9.345276400453548238e-01
1.082682089194171970e+00
1.012891236858374677e+00
8.545109105307685526e-02
1.321146052898167111e+00
1.825621562535324705e+00
1.364451847801974038e+00
4.633099946552625692e-01
-2.052421254025804664e-02
-4.251574850628232483e-01
1.220696687719376783e+00
3.281838689432788891e-01
4.776344307834197722e-01
-5.651626706591371396e-02
8.943672366202198853e-02
-2.426288410240479143e-01
2.425660333829574355e+00
8.111845851676311447e-01
1.817606105176812425e+00
2.585373622358386192e-01
1.363538475733752753e+00
5.706071875715186259e-01
3.052203637349418575e+00
2.971299720415978562e-01
1.953534818573050558e+00
1.706707833831196286e+00
-5.189315973621235756e-01
4.865928347602903603e-01
4.562469958311035079e-01
1.624933579714548770e+00
8.084108007113218752e-01
2.539036620489760754e-01
1.218723733143608934e+00
1.542752349578501603e+00
6.853377712897861240e-01
1.237635376675181309e+00
1.021728813649488421e+00
2.102351819167678659e+00
-4.062555747201035405e-02
5.508853158462062583e-01
1.459801876919873398e-01
-1.492760699033454985e+00
5.675249313498231807e-01
9.253401895727392246e-01
1.534912398058466687e+00
1.131903480571013088e+00
5.710434056452150520e-01
-1.554430885603744483e-01
6.393090164851987778e-01
2.572226251503233474e-01
4.022976235100840792e-01
1.463711574568763218e+00
1.628931344544753079e+00
1.232731602517789682e+00
1.105096146522079437e+00
1.313950294460028090e+00
-6.329233569856441699e-01
6.170095488085462765e-02
-1.803006104725729253e-01
-7.328826910656345284e-01
-4.037288508062105152e-01
5.701936063355119710e-01
5.699351622140511608e-01
3.007964914173780757e-01
-3.758674299486217119e-03
1.047380401198214628e-01
-8.217639211505745056e-01
-2.205457944587297381e-01
2.999702879800966171e-01
-3.727864624525872861e-02
7.424457549391759725e-01
1.872223777971359360e-01
1.527048336457828448e+00
4.997687911049066845e-01
-1.883269151643781614e-01
4.815635857559870669e-01
-5.373783312672313350e-01
1.022450508188335050e+00
-1.130147840931146508e+00
7.798352093587630485e-01
3.805800951827537637e-01
6.098686128444397170e-01
1.444874307424059534e+00
1.570835337360187989e+00
1.214312805343853885e+00
1.484337360488536817e+00
3.995128558554556508e-01
-1.051867723512339259e+00
1.337058482763442635e+00
7.292022229553889456e-01
